20
20
179
1 19
8 14
1 11
11 16
15 19
9 16
4 12
3 11
9 19
2 4
9 13
4 16
7 19
1 4
13 16
12 19
14 17
2 10
8 9
6 8
1 12
8 13
3 19
15 16
10 15
7 10
0 2
8 17
1 10
12 16
6 19
7 14
3 5
16 17
8 15
4 5
15 17
14 16
5 7
6 16
13 18
1 2
7 8
2 7
0 19
7 11
14 15
0 14
2 6
4 7
0 10
3 16
9 17
5 11
5 10
3 12
2 5
0 8
1 14
0 11
2 8
4 9
9 11
7 16
10 14
4 19
13 17
4 18
7 18
3 9
4 14
3 14
2 12
16 19
2 11
0 17
0 15
6 15
8 12
1 16
11 19
6 12
16 18
10 13
0 1
3 18
1 8
0 6
7 9
10 18
14 19
2 14
1 17
13 14
7 15
7 13
8 18
10 12
10 16
5 9
10 17
6 17
0 4
6 14
0 18
8 10
5 18
12 14
3 17
0 5
1 13
1 5
11 14
13 19
9 14
0 12
2 3
0 9
9 10
4 17
4 13
2 19
4 6
5 13
1 9
18 19
5 15
1 3
3 7
5 14
4 11
2 16
2 17
15 18
2 18
4 10
5 12
6 7
4 15
5 17
11 12
10 19
12 15
5 19
3 6
9 15
9 12
2 9
12 18
12 13
3 15
1 18
6 13
6 9
0 3
1 7
1 15
7 12
8 16
3 8
11 17
5 16
13 15
4 8
3 10
8 11
0 7
10 11
0 16
7 17
0 13
6 11
11 13
6 18
14 18
9 18
3 13
5 6
2 13
20
186
0 9
11 15
1 3
6 12
0 17
0 3
7 10
0 15
1 15
5 17
1 13
9 12
3 13
5 9
6 7
6 18
5 16
5 15
2 4
6 16
9 14
3 8
1 9
2 7
1 4
6 8
11 17
16 18
13 14
4 17
1 6
0 14
13 17
4 14
16 19
8 9
7 11
7 12
3 16
15 17
6 19
5 18
0 13
12 14
16 17
5 14
1 5
3 12
7 9
2 16
5 10
0 6
1 2
6 10
2 14
3 11
0 16
7 13
9 10
0 10
2 11
7 14
10 14
4 8
7 15
8 10
2 18
4 9
1 10
12 18
4 7
4 5
0 5
15 19
2 10
3 14
1 18
3 5
3 17
8 18
5 11
14 16
4 12
3 4
9 17
3 7
11 14
2 19
0 11
14 18
12 13
9 19
11 13
7 17
6 9
12 17
1 19
0 18
1 12
0 1
3 19
10 13
5 19
1 11
4 11
15 16
13 15
12 15
7 8
9 15
3 10
2 9
12 19
7 18
12 16
3 15
3 18
0 4
4 18
8 16
8 14
9 11
11 16
3 9
8 12
2 15
8 11
4 13
2 12
2 5
2 8
0 19
11 18
10 15
6 13
6 11
0 2
1 14
4 16
0 12
9 18
10 12
5 12
1 17
4 6
2 17
8 17
1 16
4 10
5 8
14 15
3 6
0 7
17 19
2 13
13 16
17 18
13 18
1 8
0 8
6 17
15 18
2 3
6 14
4 19
9 13
7 19
6 15
18 19
9 16
5 13
10 19
10 16
5 6
14 17
8 19
2 6
8 13
7 16
11 19
14 19
4 15
11 12
10 17
10 11
8 15
20
150
10 17
0 8
6 18
2 3
1 12
11 19
2 13
18 19
4 19
0 17
5 11
5 16
13 18
12 19
5 9
1 5
3 10
1 11
9 13
9 16
8 9
15 16
1 17
14 18
0 3
7 8
5 13
1 15
10 13
16 19
3 4
1 3
8 11
0 16
3 8
7 18
9 17
6 17
1 9
14 19
6 19
11 12
8 17
13 15
3 6
8 19
9 18
2 17
2 12
6 9
15 17
1 10
5 18
6 15
3 14
11 15
6 7
7 13
10 15
6 12
2 5
7 17
12 17
14 16
4 8
2 16
9 14
2 10
17 18
4 15
5 17
8 13
2 14
12 16
4 16
1 13
9 15
13 16
11 14
2 15
4 18
4 12
3 5
12 18
5 15
7 15
11 13
8 14
3 7
2 11
3 12
4 11
15 18
10 11
3 19
7 12
4 13
3 16
11 17
4 10
1 7
12 15
0 15
8 12
14 15
4 17
7 9
0 9
2 18
13 14
7 11
3 13
14 17
5 8
11 16
10 16
10 12
5 14
12 13
2 7
1 6
8 15
3 18
7 19
1 4
6 14
4 7
0 4
13 17
13 19
4 14
0 14
17 19
0 2
9 10
7 14
0 19
5 10
3 15
4 9
2 8
6 16
0 1
0 7
16 17
16 18
2 6
1 8
6 11
9 11
20
160
5 14
0 9
13 14
1 19
11 17
1 14
4 5
16 18
7 10
2 19
6 16
17 18
9 15
6 9
0 12
2 5
2 15
3 15
0 13
6 12
12 19
2 11
7 12
2 9
9 16
3 4
6 18
10 13
10 11
3 11
6 19
12 14
0 15
12 17
9 17
0 16
2 18
6 7
14 18
10 15
9 18
0 3
4 17
1 16
3 18
0 10
8 15
4 11
7 14
0 8
2 10
5 7
1 8
14 16
12 13
6 17
2 13
15 17
15 18
6 11
2 14
5 17
10 12
7 16
3 12
0 6
2 17
10 18
0 5
13 17
4 19
3 9
7 9
13 15
5 19
6 15
9 10
16 17
4 9
3 13
8 18
14 15
6 10
9 11
8 11
10 14
9 13
2 6
1 3
4 18
1 6
5 15
5 12
5 10
1 18
12 16
11 12
13 18
4 8
5 18
8 12
9 12
8 10
2 16
8 19
6 13
4 16
1 4
5 6
3 17
4 10
0 11
3 19
3 14
8 13
0 19
4 15
4 7
9 14
14 17
1 10
1 7
5 16
0 14
11 16
1 5
2 3
7 13
5 11
3 10
7 15
11 14
12 15
7 11
8 14
9 19
8 17
2 7
3 8
3 7
4 14
8 16
0 2
2 12
2 8
8 9
13 16
11 19
4 13
1 17
3 5
14 19
18 19
5 9
0 18
7 8
11 15
3 16
5 13
10 16
20
190
13 18
6 17
3 8
15 18
5 12
3 9
6 19
4 19
1 18
0 9
11 16
12 18
7 17
0 19
8 15
2 12
0 5
0 3
8 12
4 8
4 7
2 18
4 12
5 7
5 13
10 13
4 11
1 14
2 5
5 14
7 15
1 19
2 9
0 10
14 17
0 16
10 12
12 19
14 19
3 15
13 14
7 16
15 19
7 12
0 12
8 19
1 10
6 18
12 16
8 18
3 14
15 17
7 13
15 16
3 19
0 8
8 10
1 16
8 11
9 11
8 13
11 17
9 12
17 19
0 7
4 9
1 17
1 7
1 5
0 17
7 19
16 19
3 17
11 13
10 19
10 18
2 14
12 14
5 16
4 10
11 14
6 9
2 6
5 15
7 11
5 11
0 2
5 6
0 1
6 14
13 16
2 15
7 8
11 12
4 15
4 18
18 19
8 16
5 8
3 11
13 19
4 14
9 10
1 11
9 17
10 15
3 4
3 13
4 5
2 3
0 14
4 13
0 6
6 15
2 19
2 16
3 7
9 19
14 15
8 14
7 9
5 10
2 8
1 3
1 15
1 9
6 11
2 13
7 10
11 19
2 11
1 13
0 15
0 18
3 6
9 14
0 13
3 18
5 17
4 6
12 15
1 2
16 18
17 18
2 17
8 17
8 9
13 17
9 15
1 8
3 5
10 14
6 10
3 10
11 18
6 7
4 16
12 17
6 16
0 4
4 17
7 18
0 11
5 9
10 16
14 16
2 7
5 18
2 10
3 12
6 8
2 4
1 12
3 16
11 15
10 17
9 18
16 17
14 18
7 14
1 4
9 13
5 19
6 13
9 16
10 11
13 15
6 12
12 13
1 6
2
1
0 1
9
31
4 6
0 3
3 7
6 8
0 8
1 5
2 7
5 6
7 8
3 8
1 8
2 3
6 7
1 3
2 4
2 6
1 2
4 7
4 8
3 5
1 4
5 7
3 6
4 5
0 6
0 1
1 6
0 2
0 5
0 7
5 8
7
18
0 5
2 6
3 6
0 2
1 5
0 6
4 6
2 4
0 1
3 5
1 3
5 6
0 3
0 4
1 2
1 4
2 3
3 4
4
4
0 1
1 3
0 3
0 2
3
2
0 1
0 2
8
16
0 7
1 7
5 7
1 5
3 7
1 3
2 6
3 5
1 4
5 6
0 1
2 5
3 6
0 5
0 3
4 6
3
3
1 2
0 2
0 1
7
10
2 6
0 2
3 4
1 3
4 6
5 6
2 3
3 6
4 5
1 5
10
30
4 6
2 8
3 4
2 6
1 2
4 5
2 3
2 4
0 7
5 8
1 7
0 5
0 1
5 9
3 8
0 3
0 9
0 2
2 7
1 3
2 5
4 8
0 6
3 7
7 9
6 7
1 8
3 5
6 9
6 8
3
3
0 1
1 2
0 2
6
14
1 4
3 5
1 2
2 3
4 5
1 3
2 4
1 5
0 4
0 2
3 4
0 5
0 3
0 1
9
25
1 6
0 4
2 3
3 8
1 7
5 8
1 4
3 6
2 4
1 3
0 6
0 2
2 8
4 8
2 6
1 5
0 3
2 5
7 8
4 5
0 5
3 7
2 7
3 5
0 7
6
15
0 3
2 4
3 4
3 5
2 3
0 4
0 2
1 5
0 1
2 5
1 3
0 5
1 2
1 4
4 5
3
2
0 2
0 1
4
5
0 3
0 1
0 2
2 3
1 3
