50
3
1 2 3
2 3 5
3 5 6
2 3 4
1 2 3
10
9 12 13 17 18 22 26 28 30 34
19 23 26 28 31 32 35 37 38 42
24 28 31 34 35 38 39 42 47 49
21 28 29 33 35 37 40 42 46 49
5 8 11 13 18 20 23 25 28 29
18 24 25 27 30 31 35 37 41 42
4 5 9 12 15 18 21 24 25 28
20 25 28 30 33 36 37 38 44 47
15 18 20 22 25 27 29 32 33 38
8 9 14 17 20 22 24 27 30 33
11 13 17 18 22 25 28 30 33 35
2 4 5 8 11 14 17 19 22 24
14 15 19 22 23 27 30 31 36 37
4 5 8 9 13 15 20 23 25 28
6 9 11 14 17 19 23 26 27 31
12 15 18 20 22 23 27 31 32 35
22 25 27 30 32 33 38 41 44 46
2 4 6 9 12 15 17 18 20 21
17 20 23 26 27 29 33 35 37 40
4
24 29 41 61
49 61 82 99
48 63 91 99
24 41 71 91
12 29 61 63
45 61 71 82
9 12 24 49
10
7 17 27 37 47 57 67 77 87 97
81 82 83 84 85 86 87 88 89 90
1 2 3 4 5 6 7 8 9 10
3 13 23 33 43 53 63 73 83 93
21 22 23 24 25 26 27 28 29 30
1 11 21 31 41 51 61 71 81 91
10 20 30 40 50 60 70 80 90 100
8 18 28 38 48 58 68 78 88 98
6 16 26 36 46 56 66 76 86 96
41 42 43 44 45 46 47 48 49 50
71 72 73 74 75 76 77 78 79 80
9 19 29 39 49 59 69 79 89 99
2 12 22 32 42 52 62 72 82 92
11 12 13 14 15 16 17 18 19 20
51 52 53 54 55 56 57 58 59 60
61 62 63 64 65 66 67 68 69 70
91 92 93 94 95 96 97 98 99 100
5 15 25 35 45 55 65 75 85 95
31 32 33 34 35 36 37 38 39 40
10
14 19 22 23 26 29 30 32 34 36
15 18 20 23 26 28 29 32 34 39
1 4 5 7 9 11 13 15 17 20
11 13 17 19 21 24 26 29 30 34
15 20 24 26 29 30 31 34 37 38
5 7 11 12 13 18 19 22 24 27
20 23 25 26 30 33 35 36 38 43
4 8 11 13 16 17 18 20 21 25
13 14 18 22 23 25 27 30 31 37
2 6 7 9 10 13 14 18 20 23
16 22 27 28 31 34 37 39 42 43
9 15 18 19 21 24 25 28 30 33
4 6 8 9 12 15 17 19 20 22
7 9 13 15 18 19 22 23 26 28
6 9 12 15 17 19 22 23 24 26
17 20 21 24 29 30 31 34 37 42
9 10 16 17 20 21 24 26 29 31
8 12 13 18 20 21 23 26 29 30
1 2 4 6 8 9 12 14 15 16
9
14 18 19 20 24 27 29 31 32
9 12 14 15 19 20 23 24 25
14 17 19 20 24 25 27 29 32
4 7 8 11 13 14 16 17 19
11 14 16 17 21 23 24 26 29
2 3 5 6 8 10 11 12 14
3 5 7 9 10 12 14 16 18
10 14 15 17 21 23 24 26 27
10 13 14 16 19 20 23 25 27
8 11 13 15 17 19 21 22 24
12 16 17 18 22 25 26 28 29
12 15 17 18 23 24 26 28 31
5 7 8 10 12 14 15 17 19
6 9 11 13 14 15 17 18 20
7 10 12 14 17 19 21 23 24
5 9 10 13 15 16 17 18 20
2 3 4 5 7 9 10 12 14
2
2 4
6 8
4 8
2
22 222
2 22
2 22
7
43 44 45 46 47 48 49
22 23 24 25 26 27 28
7 14 21 28 35 42 49
29 30 31 32 33 34 35
6 13 20 27 34 41 48
36 37 38 39 40 41 42
15 16 17 18 19 20 21
2 9 16 23 30 37 44
1 2 3 4 5 6 7
8 9 10 11 12 13 14
1 8 15 22 29 36 43
5 12 19 26 33 40 47
4 11 18 25 32 39 46
4
3 7 11 15
2 6 10 14
1 5 9 13
9 10 11 12
5 6 7 8
13 14 15 16
1 2 3 4
2
2 6
2 4
4 8
2
2 6
4 8
6 8
7
1 2 4 6 7 8 10
7 9 10 12 15 16 18
4 6 7 9 10 13 15
1 2 4 5 6 7 8
7 11 13 14 16 18 21
6 8 9 11 13 14 16
6 9 10 13 15 17 19
5 7 9 11 12 15 16
4 5 7 9 10 13 15
8 11 13 15 17 18 19
8 12 15 16 18 19 22
2 3 5 7 9 11 12
10 13 15 16 19 21 22
4
8 10 11 13
3 5 6 11
2 4 5 9
7 9 12 13
1 2 3 7
3 5 6 12
1 2 3 8
2
2 22
22 222
22 222
8
5 6 10 12 16 21 24 25
8 10 12 17 19 21 26 28
3 4 6 12 13 14 19 20
1 3 5 8 9 13 15 19
19 20 25 28 33 36 39 42
9 13 14 19 22 25 26 31
3 4 5 10 15 17 19 21
15 19 22 26 29 32 34 35
8 12 13 17 18 22 25 27
12 15 16 18 22 23 29 33
4 5 10 13 14 16 22 25
13 14 16 21 23 28 31 32
15 17 21 22 25 28 32 36
18 21 25 27 31 32 35 42
1 3 4 8 12 15 17 18
7
7 8 9 10 11 12 13
5 6 7 8 9 10 11
4 5 6 7 8 9 10
7 8 9 10 11 12 13
3 4 5 6 7 8 9
6 7 8 9 10 11 12
1 2 3 4 5 6 7
1 2 3 4 5 6 7
5 6 7 8 9 10 11
2 3 4 5 6 7 8
6 7 8 9 10 11 12
4 5 6 7 8 9 10
2 3 4 5 6 7 8
2
4 6
3 6
1 3
2
1 2
1 3
2 5
10
6 7 9 11 12 13 15 18 19 20
14 15 16 18 20 22 24 25 26 28
8 10 11 13 15 17 18 20 21 23
2 3 5 6 8 9 11 13 15 17
15 17 18 19 20 21 24 25 26 30
10 12 13 15 16 18 20 22 24 26
4 5 7 8 10 11 12 14 17 18
13 14 16 18 19 20 22 24 25 28
5 6 8 9 11 12 14 16 18 19
2 4 5 6 7 8 10 12 14 15
5 7 8 9 10 11 13 15 16 18
7 8 10 12 13 15 16 19 20 22
9 11 12 13 15 17 18 19 22 24
11 12 14 15 16 18 20 21 24 26
15 17 18 19 21 24 26 28 30 32
8 10 11 12 13 15 16 17 20 21
12 13 15 16 17 19 21 24 25 27
3 5 6 7 8 10 12 13 15 17
17 18 19 20 22 23 26 27 28 32
3
2 3 4
3 4 5
1 2 3
1 2 3
2 3 4
2
1 4
3 7
4 7
5
11 16 20 25 30
16 17 21 30 34
15 18 25 30 31
7 8 15 18 22
19 20 26 31 36
3 6 10 15 17
6 8 16 17 20
17 22 30 34 36
3 7 11 16 19
9
6 8 9 10 12 14 15 17 19
12 17 19 21 22 23 25 26 28
10 13 15 17 19 20 21 23 25
8 12 13 14 15 17 18 19 23
1 2 3 5 6 8 10 12 13
13 15 16 19 21 23 25 27 28
6 8 9 12 14 15 19 20 22
3 4 6 9 11 13 15 17 19
4 5 6 7 9 11 14 15 16
7 10 11 13 14 15 17 18 21
2 3 4 6 8 9 12 14 15
10 12 14 15 17 18 21 24 25
12 14 15 17 18 19 23 25 26
5 6 7 10 13 14 17 18 21
1 2 4 6 7 8 10 11 12
11 15 17 18 20 22 24 25 27
8 9 11 14 15 17 20 22 23
10
3 11 18 19 20 21 22 23 24 51
1 2 3 4 5 6 7 8 9 47
5 13 20 26 31 32 33 34 35 54
1 2 3 4 5 6 7 8 9 46
46 48 50 53 55 57 58 61 63 64
8 16 23 29 34 38 41 43 44 60
9 17 24 30 35 39 42 44 45 63
2 10 11 12 13 14 15 16 17 48
6 14 21 27 32 36 37 38 39 57
8 16 23 29 34 38 41 43 44 61
4 12 19 25 26 27 28 29 30 52
5 13 20 26 31 32 33 34 35 55
4 12 19 25 26 27 28 29 30 53
47 49 51 52 54 56 59 60 62 64
3 11 18 19 20 21 22 23 24 50
9 17 24 30 35 39 42 44 45 62
7 15 22 28 33 37 40 41 42 58
6 14 21 27 32 36 37 38 39 56
2 10 11 12 13 14 15 16 17 49
10
23 56 69 103 122 134 135 148 169 201
2 7 13 23 32 47 50 74 95 100
52 77 87 103 117 122 145 160 185 203
66 89 122 134 142 151 187 200 218 219
94 137 138 169 180 194 226 250 259 283
22 40 44 56 59 80 81 86 115 130
2 22 39 52 64 66 69 72 94 95
74 86 112 160 188 200 230 246 250 281
50 81 108 145 170 187 212 221 226 257
69 102 125 135 149 171 212 230 236 257
47 80 84 122 148 151 171 183 194 240
95 155 178 201 218 240 257 281 297 299
95 115 132 185 199 218 236 250 259 297
64 78 103 122 127 148 170 188 199 205
100 130 156 203 205 219 257 268 283 299
72 118 129 148 154 183 221 246 250 268
13 44 66 87 103 122 125 129 138 178
39 45 66 69 72 84 108 112 132 156
7 40 45 77 78 89 102 118 137 155
4
6 10 12 15
4 7 8 11
9 11 15 18
6 8 12 15
2 5 6 9
8 12 15 18
2 4 6 8
10
9 10 11 12 13 14 15 16 17 18
5 6 7 8 9 10 11 12 13 14
8 9 10 11 12 13 14 15 16 17
7 8 9 10 11 12 13 14 15 16
3 4 5 6 7 8 9 10 11 12
4 5 6 7 8 9 10 11 12 13
2 3 4 5 6 7 8 9 10 11
2 3 4 5 6 7 8 9 10 11
4 5 6 7 8 9 10 11 12 13
3 4 5 6 7 8 9 10 11 12
6 7 8 9 10 11 12 13 14 15
10 11 12 13 14 15 16 17 18 19
8 9 10 11 12 13 14 15 16 17
10 11 12 13 14 15 16 17 18 19
6 7 8 9 10 11 12 13 14 15
1 2 3 4 5 6 7 8 9 10
7 8 9 10 11 12 13 14 15 16
5 6 7 8 9 10 11 12 13 14
1 2 3 4 5 6 7 8 9 10
6
13 16 23 30 35 36
22 23 31 32 36 41
4 8 13 15 20 23
3 5 10 13 17 22
10 13 18 19 23 28
6 10 18 23 26 31
3 4 6 11 13 18
13 15 23 26 30 31
5 8 10 12 16 20
18 20 28 31 36 41
17 20 26 27 35 36
7
65 73 113 133 152 182 202
33 41 58 79 112 133 148
108 117 148 149 168 192 202
19 27 41 43 62 69 73
20 27 42 75 88 112 117
2 19 40 64 67 86 108
2 20 33 41 45 50 65
41 43 64 100 116 138 149
64 75 79 100 110 129 133
50 69 95 129 143 168 192
67 88 112 116 140 143 152
45 62 81 110 140 160 168
40 42 58 64 81 95 113
5
5 10 12 15 21
8 12 18 21 25
4 9 10 14 18
3 6 7 11 12
4 7 10 12 16
6 11 14 15 18
1 2 4 6 8
7 11 16 18 25
2 6 9 10 11
7
9 13 15 17 19 20 25
1 4 6 9 12 14 16
13 18 19 20 25 28 31
11 15 17 19 22 25 26
16 21 24 25 28 30 33
6 10 12 15 17 19 24
14 15 21 22 25 28 30
7 9 12 15 18 21 24
12 14 18 19 22 25 28
10 13 15 17 19 22 25
16 17 24 25 26 31 33
4 7 9 13 15 18 21
4 7 10 13 14 15 17
5
7 10 15 18 23
14 18 23 28 30
11 14 18 23 28
5 7 10 14 16
2 6 7 11 15
6 7 12 14 18
6 12 15 18 19
2 5 6 11 14
11 14 18 23 28
4
1 2 4 6
5 7 8 11
1 3 4 5
6 7 9 11
4 6 7 8
4 5 7 9
3 4 6 7
7
8 10 14 15 19 21 27
15 19 23 27 28 31 38
19 21 27 29 32 35 42
10 13 17 18 23 27 29
21 25 28 34 38 42 43
13 19 22 27 28 32 35
4 7 11 12 15 19 23
17 21 25 30 31 35 39
4 8 10 12 13 17 21
7 10 13 15 19 21 25
12 15 18 23 27 30 34
11 14 17 20 22 25 28
12 15 20 23 27 29 32
10
19 24 35 36 39 44 47 48 53 57
8 11 19 20 26 30 34 35 36 41
13 19 30 34 37 38 42 44 46 52
12 16 26 30 35 37 38 39 41 48
18 22 29 34 38 39 44 47 48 54
9 13 19 20 27 31 32 34 35 41
22 27 38 41 45 49 51 54 58 59
16 21 34 35 38 42 45 47 49 56
4 8 11 13 15 16 19 21 24 27
4 8 10 11 12 16 20 22 23 25
2 4 5 8 9 12 14 18 20 22
12 16 25 31 33 37 38 42 44 49
2 4 5 9 11 12 13 16 19 22
14 20 26 32 35 38 42 45 47 51
5 11 15 19 23 25 26 29 33 37
9 12 23 27 31 35 37 38 39 45
22 25 37 41 44 48 52 56 57 59
20 23 33 35 40 41 46 49 53 58
5 10 15 19 23 26 30 34 35 38
4
6 10 12 14
1 4 6 8
7 10 14 15
8 11 14 15
3 7 10 11
4 7 9 10
4 9 12 14
3
3 4 5
1 2 3
1 2 3
3 4 5
2 3 4
7
22 24 26 28 30 33 34
3 8 12 13 14 15 26
6 11 15 18 20 21 32
2 7 8 9 10 11 24
3 8 12 13 14 15 27
6 11 15 18 20 21 33
5 10 14 17 19 20 31
23 25 27 29 31 32 34
5 10 14 17 19 20 30
1 2 3 4 5 6 22
4 9 13 16 17 18 29
2 7 8 9 10 11 25
1 2 3 4 5 6 23
2
6 8
2 6
2 4
9
5 7 8 10 11 12 15 16 18
9 12 13 16 18 19 21 23 25
2 3 5 6 7 9 10 11 13
6 8 10 12 14 16 17 19 20
10 14 15 18 19 21 22 25 26
7 8 10 12 14 16 18 20 21
3 5 7 8 9 11 13 15 17
8 9 11 14 16 18 19 22 23
16 17 18 20 23 25 26 29 31
11 15 17 20 22 24 26 27 29
12 13 15 17 20 21 22 26 28
2 4 6 7 8 10 12 14 16
14 15 16 19 21 23 25 27 29
13 16 18 21 23 26 28 29 31
10 11 12 16 18 19 21 24 26
6 7 8 10 11 13 15 17 18
4 5 7 8 10 12 14 15 16
10
25 27 33 35 43 51 54 55 57 61
12 18 23 27 31 32 36 39 40 43
11 17 21 22 25 29 30 32 34 35
22 23 30 32 39 43 48 49 54 57
6 9 11 12 13 16 21 23 25 27
10 11 18 21 23 26 27 30 32 35
10 14 18 20 22 25 26 30 32 33
23 28 32 37 42 46 51 54 56 57
13 19 26 29 34 37 40 43 47 51
2 6 10 11 12 13 17 20 23 24
23 25 32 34 40 47 49 51 56 58
20 24 30 36 41 45 48 49 51 55
2 6 10 11 12 14 18 22 23 25
24 30 35 40 46 47 55 57 58 61
11 12 20 22 27 29 33 36 37 40
12 13 22 25 31 34 37 41 42 46
6 9 14 17 18 19 20 24 28 30
17 20 27 33 37 41 44 48 49 54
14 16 25 29 32 37 41 45 46 47
8
3 7 10 14 15 21 23 24
6 13 15 18 22 28 29 31
1 3 5 6 8 11 15 17
17 23 29 30 33 38 40 43
5 9 14 17 20 25 26 27
14 15 20 22 25 26 31 33
1 5 8 12 14 18 19 20
19 23 26 29 32 34 38 40
12 14 17 18 19 23 27 30
8 10 14 15 17 19 25 29
15 21 25 27 31 34 38 41
18 21 25 28 30 31 34 38
5 7 9 13 14 17 21 23
8 14 17 19 25 30 32 35
11 17 19 23 26 31 34 36
3
2 3 4
1 2 3
2 3 4
3 4 5
3 4 5
10
1 4 5 6 8 10 11 13 14 17
17 22 24 26 29 32 38 39 43 44
19 25 27 29 32 33 39 42 46 49
6 13 14 17 20 21 22 24 26 29
11 17 18 21 27 31 34 36 38 39
8 10 14 17 19 20 21 24 27 29
8 14 15 19 23 24 26 27 29 32
14 22 23 27 31 36 39 41 43 46
4 7 10 13 14 15 17 20 22 24
4 7 9 10 13 16 18 20 22 25
17 24 26 29 34 39 41 42 44 49
10 15 17 20 25 28 30 31 32 33
14 20 22 24 27 31 36 37 41 42
1 4 6 8 9 10 13 14 17 19
9 13 17 20 23 25 27 30 31 34
6 9 12 14 15 17 18 22 23 26
10 16 18 21 24 28 31 34 36 39
13 20 22 24 30 34 36 37 39 42
5 10 12 14 17 18 19 22 24 27
4
2 3 4 5
4 5 6 7
1 2 3 4
3 4 5 6
3 4 5 6
1 2 3 4
2 3 4 5
3
6 8 9
3 5 8
4 7 9
2 3 4
2 4 6
7
13 16 17 21 23 26 28
10 13 16 19 22 23 26
6 7 10 13 15 17 18
6 11 13 15 19 21 24
14 17 20 24 25 28 31
1 4 6 8 10 13 14
1 3 4 6 9 11 14
11 14 17 18 23 26 28
8 9 13 15 17 18 21
14 15 18 21 26 28 31
9 13 15 17 22 23 25
4 8 10 13 16 17 20
4 5 8 11 13 14 15
3
5 9 11
4 7 9
2 3 4
2 4 5
4 9 11
10
2 6 9 11 12 16 20 23 24 27
20 30 37 39 43 46 48 53 57 60
16 20 23 27 30 33 36 40 43 46
24 31 34 36 39 44 46 50 54 57
27 33 37 39 40 46 50 52 55 60
16 21 26 27 32 36 37 44 46 50
18 25 30 32 34 40 41 48 50 52
9 12 13 15 20 24 26 30 33 37
12 17 20 21 22 30 34 35 39 40
11 14 15 17 21 26 27 32 35 39
6 8 9 13 17 20 21 25 28 30
12 17 19 20 22 28 32 34 37 43
13 20 24 26 28 33 36 40 44 46
7 9 13 15 19 23 24 30 34 37
2 6 7 9 12 13 16 18 19 20
9 13 15 17 20 27 30 31 36 39
6 8 12 14 17 20 22 27 31 33
20 22 24 30 34 36 37 41 45 48
19 28 33 35 37 43 45 49 54 55
